0.010000
0.032258
0.038462
0.047619
0.050000
0.052632
0.055556
0.058824
0.062500
0.065657
0.068813
0.071970
0.075126
0.078283
0.081439
0.083018
0.084596
0.086174
0.087752
0.089331
0.090909
0.092424
0.093939
0.095454
0.096970
0.098485
0.100000
0.101587
0.103175
0.104762
0.106349
0.107937
0.109524
0.111111
0.112847
0.114583
0.116319
0.118056
0.119792
0.121528
0.123264
0.125000
0.126623
0.128247
0.129870
0.131494
0.133117
0.134740
0.136364
0.137987
0.139610
0.141234
0.142857
0.144444
0.146032
0.147619
0.149206
0.150794
0.152381
0.153968
0.155556
0.157143
0.158730
0.160318
0.161905
0.163492
0.165079
0.166667
0.168254
0.169841
0.171429
0.173016
0.174603
0.176190
0.177778
0.179365
0.180952
0.182540
0.184127
0.185714
0.187302
0.188889
0.190476
0.192063
0.193651
0.195238
0.196825
0.198413
0.200000
0.201563
0.203125
0.204687
0.206250
0.207813
0.209375
0.210938
0.212500
0.214062
0.215625
0.217188
0.218750
0.220312
0.221875
0.223438
0.225000
0.226562
0.228125
0.229687
0.231250
0.232813
0.234375
0.235937
0.237500
0.239063
0.240625
0.242188
0.243750
0.245312
0.246875
0.248438
0.250000
0.251603
0.253205
0.254808
0.256410
0.258013
0.259615
0.261218
0.262821
0.264423
0.266026
0.267628
0.269231
0.270833
0.272436
0.274039
0.275641
0.277244
0.278846
0.280449
0.282051
0.283654
0.285256
0.286859
0.288461
0.290064
0.291667
0.293269
0.294872
0.296474
0.298077
0.299679
0.301282
0.302885
0.304487
0.306090
0.307692
0.309295
0.310897
0.312500
0.314103
0.315705
0.317308
0.318910
0.320513
0.322115
0.323718
0.325321
0.326923
0.328526
0.330128
0.331731
0.333333
0.334921
0.336508
0.338095
0.339682
0.341270
0.342857
0.344444
0.346032
0.347619
0.349206
0.350794
0.352381
0.353968
0.355556
0.357143
0.358730
0.360318
0.361905
0.363492
0.365079
0.366667
0.368254
0.369841
0.371429
0.373016
0.374603
0.376190
0.377778
0.379365
0.380952
0.382540
0.384127
0.385714
0.387302
0.388889
0.390476
0.392064
0.393651
0.395238
0.396825
0.398413
0.400000
0.401587
0.403175
0.404762
0.406349
0.407936
0.409524
0.411111
0.412698
0.414286
0.415873
0.417460
0.419048
0.420635
0.422222
0.423810
0.425397
0.426984
0.428571
0.430159
0.431746
0.433333
0.434921
0.436508
0.438095
0.439682
0.441270
0.442857
0.444444
0.446032
0.447619
0.449206
0.450794
0.452381
0.453968
0.455556
0.457143
0.458730
0.460317
0.461905
0.463492
0.465079
0.466667
0.468254
0.469841
0.471429
0.473016
0.474603
0.476191
0.477778
0.479365
0.480952
0.482540
0.484127
0.485714
0.487302
0.488889
0.490476
0.492063
0.493651
0.495238
0.496825
0.498413
0.500000
0.501592
0.503185
0.504777
0.506369
0.507962
0.509554
0.511146
0.512739
0.514331
0.515924
0.517516
0.519108
0.520701
0.522293
0.523885
0.525478
0.527070
0.528662
0.530255
0.531847
0.533439
0.535032
0.536624
0.538217
0.539809
0.541401
0.542994
0.544586
0.546178
0.547771
0.549363
0.550955
0.552548
0.554140
0.555732
0.557325
0.558917
0.560510
0.562102
0.563694
0.565287
0.566879
0.568471
0.570064
0.571656
0.573248
0.574841
0.576433
0.578025
0.579618
0.581210
0.582803
0.584395
0.585987
0.587580
0.589172
0.590764
0.592357
0.593949
0.595541
0.597134
0.598726
0.600318
0.601911
0.603503
0.605096
0.606688
0.608280
0.609873
0.611465
0.613057
0.614650
0.616242
0.617834
0.619427
0.621019
0.622611
0.624204
0.625796
0.627389
0.628981
0.630573
0.632166
0.633758
0.635350
0.636943
0.638535
0.640127
0.641720
0.643312
0.644904
0.646497
0.648089
0.649682
0.651274
0.652866
0.654459
0.656051
0.657643
0.659236
0.660828
0.662420
0.664013
0.665605
0.667197
0.668790
0.670382
0.671975
0.673567
0.675159
0.676752
0.678344
0.679936
0.681529
0.683121
0.684713
0.686306
0.687898
0.689490
0.691083
0.692675
0.694268
0.695860
0.697452
0.699045
0.700637
0.702229
0.703822
0.705414
0.707006
0.708599
0.710191
0.711783
0.713376
0.714968
0.716561
0.718153
0.719745
0.721338
0.722930
0.724522
0.726115
0.727707
0.729299
0.730892
0.732484
0.734076
0.735669
0.737261
0.738854
0.740446
0.742038
0.743631
0.745223
0.746815
0.748408
0.750000
0.751592
0.753185
0.754777
0.756369
0.757962
0.759554
0.761146
0.762739
0.764331
0.765924
0.767516
0.769108
0.770701
0.772293
0.773885
0.775478
0.777070
0.778662
0.780255
0.781847
0.783439
0.785032
0.786624
0.788217
0.789809
0.791401
0.792994
0.794586
0.796178
0.797771
0.799363
0.800955
0.802548
0.804140
0.805732
0.807325
0.808917
0.810510
0.812102
0.813694
0.815287
0.816879
0.818471
0.820064
0.821656
0.823248
0.824841
0.826433
0.828025
0.829618
0.831210
0.832803
0.834395
0.835987
0.837580
0.839172
0.840764
0.842357
0.843949
0.845541
0.847134
0.848726
0.850318
0.851911
0.853503
0.855096
0.856688
0.858280
0.859873
0.861465
0.863057
0.864650
0.866242
0.867834
0.869427
0.871019
0.872611
0.874204
0.875796
0.877389
0.878981
0.880573
0.882166
0.883758
0.885350
0.886943
0.888535
0.890127
0.891720
0.893312
0.894904
0.896497
0.898089
0.899682
0.901274
0.902866
0.904459
0.906051
0.907643
0.909236
0.910828
0.912420
0.914013
0.915605
0.917197
0.918790
0.920382
0.921975
0.923567
0.925159
0.926752
0.928344
0.929936
0.931529
0.933121
0.934713
0.936306
0.937898
0.939490
0.941083
0.942675
0.944268
0.945860
0.947452
0.949045
0.950637
0.952229
0.953822
0.955414
0.957006
0.958599
0.960191
0.961783
0.963376
0.964968
0.966561
0.968153
0.969745
0.971338
0.972930
0.974522
0.976115
0.977707
0.979299
0.980892
0.982484
0.984076
0.985669
0.987261
0.988854
0.990446
0.992038
0.993631
0.995223
0.996815
0.998408
0.998567
0.998726
0.998885
0.999045
0.999204
0.999363
0.999522
0.999682
0.999841
1.000000
